<!DOCTYPE html>
<html xmlns="http://www.w3.org/1999/xhtml" lang="en" xml:lang="en"><head>

<meta charset="utf-8">
<meta name="generator" content="quarto-1.3.450">

<meta name="viewport" content="width=device-width, initial-scale=1.0, user-scalable=yes">


<title>Wei Ni’s NM2207 Journey - What factors shape the popularity of songs in today’s diverse music landscape?</title>
<style>
code{white-space: pre-wrap;}
span.smallcaps{font-variant: small-caps;}
div.columns{display: flex; gap: min(4vw, 1.5em);}
div.column{flex: auto; overflow-x: auto;}
div.hanging-indent{margin-left: 1.5em; text-indent: -1.5em;}
ul.task-list{list-style: none;}
ul.task-list li input[type="checkbox"] {
  width: 0.8em;
  margin: 0 0.8em 0.2em -1em; /* quarto-specific, see https://github.com/quarto-dev/quarto-cli/issues/4556 */ 
  vertical-align: middle;
}
</style>


<script src="site_libs/quarto-nav/quarto-nav.js"></script>
<script src="site_libs/quarto-nav/headroom.min.js"></script>
<script src="site_libs/clipboard/clipboard.min.js"></script>
<script src="site_libs/quarto-search/autocomplete.umd.js"></script>
<script src="site_libs/quarto-search/fuse.min.js"></script>
<script src="site_libs/quarto-search/quarto-search.js"></script>
<meta name="quarto:offset" content="./">
<link href="./giphy.gif" rel="icon" type="image/gif">
<script src="site_libs/quarto-html/quarto.js"></script>
<script src="site_libs/quarto-html/popper.min.js"></script>
<script src="site_libs/quarto-html/tippy.umd.min.js"></script>
<script src="site_libs/quarto-html/anchor.min.js"></script>
<link href="site_libs/quarto-html/tippy.css" rel="stylesheet">
<link href="site_libs/quarto-html/quarto-syntax-highlighting.css" rel="stylesheet" class="quarto-color-scheme" id="quarto-text-highlighting-styles">
<link href="site_libs/quarto-html/quarto-syntax-highlighting-dark.css" rel="prefetch" class="quarto-color-scheme quarto-color-alternate" id="quarto-text-highlighting-styles">
<script src="site_libs/bootstrap/bootstrap.min.js"></script>
<link href="site_libs/bootstrap/bootstrap-icons.css" rel="stylesheet">
<link href="site_libs/bootstrap/bootstrap.min.css" rel="stylesheet" class="quarto-color-scheme" id="quarto-bootstrap" data-mode="light">
<link href="site_libs/bootstrap/bootstrap-dark.min.css" rel="prefetch" class="quarto-color-scheme quarto-color-alternate" id="quarto-bootstrap" data-mode="dark">
<script id="quarto-search-options" type="application/json">{
  "location": "navbar",
  "copy-button": false,
  "collapse-after": 3,
  "panel-placement": "end",
  "type": "overlay",
  "limit": 20,
  "language": {
    "search-no-results-text": "No results",
    "search-matching-documents-text": "matching documents",
    "search-copy-link-title": "Copy link to search",
    "search-hide-matches-text": "Hide additional matches",
    "search-more-match-text": "more match in this document",
    "search-more-matches-text": "more matches in this document",
    "search-clear-button-title": "Clear",
    "search-detached-cancel-button-title": "Cancel",
    "search-submit-button-title": "Submit",
    "search-label": "Search"
  }
}</script>
<script src="site_libs/htmlwidgets-1.6.0/htmlwidgets.js"></script>
<script src="site_libs/plotly-binding-4.10.1/plotly.js"></script>
<script src="site_libs/typedarray-0.1/typedarray.min.js"></script>
<script src="site_libs/jquery-3.5.1/jquery.min.js"></script>
<link href="site_libs/crosstalk-1.2.0/css/crosstalk.min.css" rel="stylesheet">
<script src="site_libs/crosstalk-1.2.0/js/crosstalk.min.js"></script>
<link href="site_libs/plotly-htmlwidgets-css-2.11.1/plotly-htmlwidgets.css" rel="stylesheet">
<script src="site_libs/plotly-main-2.11.1/plotly-latest.min.js"></script>


<link rel="stylesheet" href="styles.css">
</head>

<body class="nav-fixed">

<div id="quarto-search-results"></div>
  <header id="quarto-header" class="headroom fixed-top">
    <nav class="navbar navbar-expand-lg navbar-dark ">
      <div class="navbar-container container-fluid">
      <div class="navbar-brand-container">
    <a href="./index.html" class="navbar-brand navbar-brand-logo">
    <img src="./giphy.gif" alt="" class="navbar-logo">
    </a>
    <a class="navbar-brand" href="./index.html">
    <span class="navbar-title">Wei Ni’s NM2207 Journey</span>
    </a>
  </div>
            <div id="quarto-search" class="" title="Search"></div>
          <button class="navbar-toggler" type="button" data-bs-toggle="collapse" data-bs-target="#navbarCollapse" aria-controls="navbarCollapse" aria-expanded="false" aria-label="Toggle navigation" onclick="if (window.quartoToggleHeadroom) { window.quartoToggleHeadroom(); }">
  <span class="navbar-toggler-icon"></span>
</button>
          <div class="collapse navbar-collapse" id="navbarCollapse">
            <ul class="navbar-nav navbar-nav-scroll ms-auto">
  <li class="nav-item">
    <a class="nav-link" href="./index.html" rel="" target="">
 <span class="menu-text">About Me</span></a>
  </li>  
  <li class="nav-item">
    <a class="nav-link active" href="./about.html" rel="" target="" aria-current="page">
 <span class="menu-text">Final Project</span></a>
  </li>  
  <li class="nav-item">
    <a class="nav-link" href="./resources.html" rel="" target="">
 <span class="menu-text">Class Materials</span></a>
  </li>  
  <li class="nav-item">
    <a class="nav-link" href="./test.html" rel="" target="">
 <span class="menu-text">Test</span></a>
  </li>  
</ul>
            <div class="quarto-navbar-tools">
  <a href="" class="quarto-color-scheme-toggle quarto-navigation-tool  px-1" onclick="window.quartoToggleColorScheme(); return false;" title="Toggle dark mode"><i class="bi"></i></a>
</div>
          </div> <!-- /navcollapse -->
      </div> <!-- /container-fluid -->
    </nav>
</header>
<!-- content -->
<div id="quarto-content" class="quarto-container page-columns page-rows-contents page-layout-full page-navbar">
<!-- sidebar -->
<!-- margin-sidebar -->
    <div id="quarto-margin-sidebar" class="sidebar margin-sidebar">
        <nav id="TOC" role="doc-toc" class="toc-active">
    <h2 id="toc-title">On this page</h2>
   
  <ul>
  <li><a href="#introduction-to-data-story" id="toc-introduction-to-data-story" class="nav-link active" data-scroll-target="#introduction-to-data-story">Introduction to Data Story</a></li>
  <li><a href="#general-music-landscape-based-on-global-chart" id="toc-general-music-landscape-based-on-global-chart" class="nav-link" data-scroll-target="#general-music-landscape-based-on-global-chart">General Music Landscape Based on Global Chart</a>
  <ul class="collapse">
  <li><a href="#placeholder-for-distribution-of-attributes" id="toc-placeholder-for-distribution-of-attributes" class="nav-link" data-scroll-target="#placeholder-for-distribution-of-attributes">Placeholder for Distribution of Attributes</a></li>
  </ul></li>
  <li><a href="#long-term-popularity" id="toc-long-term-popularity" class="nav-link" data-scroll-target="#long-term-popularity">Long-term Popularity</a>
  <ul class="collapse">
  <li><a href="#correlation-matrix" id="toc-correlation-matrix" class="nav-link" data-scroll-target="#correlation-matrix">Correlation Matrix</a></li>
  <li><a href="#global-vs.-local" id="toc-global-vs.-local" class="nav-link" data-scroll-target="#global-vs.-local">Global vs.&nbsp;Local</a></li>
  </ul></li>
  <li><a href="#short-term-popularity" id="toc-short-term-popularity" class="nav-link" data-scroll-target="#short-term-popularity">Short-term Popularity</a>
  <ul class="collapse">
  <li><a href="#placeholder-for-correlation-matrix" id="toc-placeholder-for-correlation-matrix" class="nav-link" data-scroll-target="#placeholder-for-correlation-matrix">Placeholder for Correlation Matrix</a></li>
  </ul></li>
  <li><a href="#other-factors-kiv" id="toc-other-factors-kiv" class="nav-link" data-scroll-target="#other-factors-kiv">Other Factors (KIV)</a></li>
  <li><a href="#conclusion" id="toc-conclusion" class="nav-link" data-scroll-target="#conclusion">Conclusion</a></li>
  </ul>
</nav>
    </div>
<!-- main -->
<main class="content column-page-left" id="quarto-document-content">

<header id="title-block-header" class="quarto-title-block default">
<div class="quarto-title">
<h1 class="title">What factors shape the popularity of songs in today’s diverse music landscape?</h1>
</div>



<div class="quarto-title-meta">

    
  
    
  </div>
  

</header>

<section id="introduction-to-data-story" class="level2">
<h2 class="anchored" data-anchor-id="introduction-to-data-story">Introduction to Data Story</h2>
<ul>
<li>Explain why this is an important question</li>
<li>Explain data set</li>
<li>Explain flow of data story: general understanding of music landscape in January 2022, followed by exploration of what factors shape popularity of songs</li>
</ul>
</section>
<section id="general-music-landscape-based-on-global-chart" class="level2">
<h2 class="anchored" data-anchor-id="general-music-landscape-based-on-global-chart">General Music Landscape Based on Global Chart</h2>
<ul>
<li>Track ranking is determined by sum of total streams</li>
<li>Artist ranking is determined by sum of total streams</li>
</ul>
<div class="cell">
<div id="fig-top10" class="quarto-figure quarto-figure-center anchored">
<figure class="figure">
<div class="plotly html-widget html-fill-item-overflow-hidden html-fill-item" id="htmlwidget-240e42bb0633b87e372e" style="width:90%;height:480px;"></div>
<script type="application/json" data-for="htmlwidget-240e42bb0633b87e372e">{"x":{"data":[{"orientation":"v","width":[511635579,415404700,310843473,240477928,198760634,155176840,150959204,141540045,132075972,129604326],"base":[9.5500000000000007,8.5500000000000007,7.5499999999999998,6.5499999999999998,5.5499999999999998,4.5499999999999998,3.5499999999999998,2.5499999999999998,1.55,0.55000000000000004],"x":[255817789.5,207702350,155421736.5,120238964,99380317,77588420,75479602,70770022.5,66037986,64802163],"y":[0.89999999999999858,0.89999999999999858,0.89999999999999947,0.90000000000000036,0.90000000000000036,0.90000000000000036,0.90000000000000036,0.90000000000000036,0.90000000000000013,0.89999999999999991],"text":["<\/br>Total Streams: 511635579 <\/br>Artists: Carolina Gaitán - La Gaita, Mauro Castillo,<br />Adassa, Rhenzy Feliz, Diane Guerrero, Stephanie<br />Beatriz, Encanto - Cast <\/br>Track Link: <a href= spotify:track:52xJxFP6TqMuO4Yt0eOkMz  target='_blank'> spotify:track:52xJxFP6TqMuO4Yt0eOkMz <\/a>","<\/br>Total Streams: 415404700 <\/br>Artists: Imagine Dragons, JID, Arcane, League of Legends <\/br>Track Link: <a href= spotify:track:1r9xUipOqoNwggBpENDsvJ  target='_blank'> spotify:track:1r9xUipOqoNwggBpENDsvJ <\/a>","<\/br>Total Streams: 310843473 <\/br>Artists: Elton John, Dua Lipa, PNAU <\/br>Track Link: <a href= spotify:track:7rglLriMNBPAyuJOMGwi39  target='_blank'> spotify:track:7rglLriMNBPAyuJOMGwi39 <\/a>","<\/br>Total Streams: 240477928 <\/br>Artists: The Kid LAROI, Justin Bieber <\/br>Track Link: <a href= spotify:track:5PjdY0CKGZdEuoNab3yDmX  target='_blank'> spotify:track:5PjdY0CKGZdEuoNab3yDmX <\/a>","<\/br>Total Streams: 198760634 <\/br>Artists: Lil Nas X, Jack Harlow <\/br>Track Link: <a href= spotify:track:5Z9KJZvQzH6PFmb8SNkxuk  target='_blank'> spotify:track:5Z9KJZvQzH6PFmb8SNkxuk <\/a>","<\/br>Total Streams: 155176840 <\/br>Artists: Dímelo Flow, Dalex, Sech, Justin Quiles, Arcangel,<br />De La Ghetto, Lenny Tavárez <\/br>Track Link: <a href= spotify:track:5W1qmxHrMlQGGAiFA3ZQqP  target='_blank'> spotify:track:5W1qmxHrMlQGGAiFA3ZQqP <\/a>","<\/br>Total Streams: 150959204 <\/br>Artists: ACRAZE, Cherish <\/br>Track Link: <a href= spotify:track:20on25jryn53hWghthWWW3  target='_blank'> spotify:track:20on25jryn53hWghthWWW3 <\/a>","<\/br>Total Streams: 141540045 <\/br>Artists: Tainy, Bad Bunny, Julieta Venegas <\/br>Track Link: <a href= spotify:track:4gzsuuZypVbxs0Af1LSZyB  target='_blank'> spotify:track:4gzsuuZypVbxs0Af1LSZyB <\/a>","<\/br>Total Streams: 132075972 <\/br>Artists: Xamã, Gustah, Neo Beats <\/br>Track Link: <a href= spotify:track:0NBgyml7T0IvUNbXIkcSpH  target='_blank'> spotify:track:0NBgyml7T0IvUNbXIkcSpH <\/a>","<\/br>Total Streams: 129604326 <\/br>Artists: Coldplay, BTS <\/br>Track Link: <a href= spotify:track:46HNZY1i7O6jwTA7Slo2PI  target='_blank'> spotify:track:46HNZY1i7O6jwTA7Slo2PI <\/a>"],"customdata":["spotify:track:52xJxFP6TqMuO4Yt0eOkMz","spotify:track:1r9xUipOqoNwggBpENDsvJ","spotify:track:7rglLriMNBPAyuJOMGwi39","spotify:track:5PjdY0CKGZdEuoNab3yDmX","spotify:track:5Z9KJZvQzH6PFmb8SNkxuk","spotify:track:5W1qmxHrMlQGGAiFA3ZQqP","spotify:track:20on25jryn53hWghthWWW3","spotify:track:4gzsuuZypVbxs0Af1LSZyB","spotify:track:0NBgyml7T0IvUNbXIkcSpH","spotify:track:46HNZY1i7O6jwTA7Slo2PI"],"type":"bar","textposition":"none","marker":{"autocolorscale":false,"color":"rgba(89,89,89,1)","line":{"width":1.8897637795275593,"color":"transparent"}},"showlegend":false,"xaxis":"x","yaxis":"y","hoverinfo":"text","frame":null},{"orientation":"v","width":[727939867,249065249,228540421,226942391,222162578,213410819,212181695,197198441,172318182,154903564],"base":[9.5500000000000007,8.5500000000000007,7.5499999999999998,6.5499999999999998,5.5499999999999998,4.5499999999999998,3.5499999999999998,2.5499999999999998,1.55,0.55000000000000004],"x":[363969933.5,124532624.5,114270210.5,113471195.5,111081289,106705409.5,106090847.5,98599220.5,86159091,77451782],"y":[0.89999999999999858,0.89999999999999858,0.89999999999999947,0.90000000000000036,0.90000000000000036,0.90000000000000036,0.90000000000000036,0.90000000000000036,0.90000000000000013,0.89999999999999991],"text":["<\/br>Total Streams: 727939867 <\/br>Artist Link: <a href= spotify:artist:1Xyo4u8uXC1ZmMpatF05PJ  target='_blank'> spotify:artist:1Xyo4u8uXC1ZmMpatF05PJ <\/a>","<\/br>Total Streams: 249065249 <\/br>Artist Link: <a href= spotify:artist:5cj0lLjcoR7YOSnhnX0Po5  target='_blank'> spotify:artist:5cj0lLjcoR7YOSnhnX0Po5 <\/a>","<\/br>Total Streams: 228540421 <\/br>Artist Link: <a href= spotify:artist:4q3ewBCX7sLwd24euuV69X  target='_blank'> spotify:artist:4q3ewBCX7sLwd24euuV69X <\/a>","<\/br>Total Streams: 226942391 <\/br>Artist Link: <a href= spotify:artist:6eUKZXaKkcviH0Ku9w2n3V  target='_blank'> spotify:artist:6eUKZXaKkcviH0Ku9w2n3V <\/a>","<\/br>Total Streams: 222162578 <\/br>Artist Link: <a href= spotify:artist:1McMsnEElThX1knmY4oliG  target='_blank'> spotify:artist:1McMsnEElThX1knmY4oliG <\/a>","<\/br>Total Streams: 213410819 <\/br>Artist Link: <a href= spotify:artist:1uNFoZAHBGtllmzznpCI3s  target='_blank'> spotify:artist:1uNFoZAHBGtllmzznpCI3s <\/a>","<\/br>Total Streams: 212181695 <\/br>Artist Link: <a href= spotify:artist:6M2wZ9GZgrQXHCFfjv46we  target='_blank'> spotify:artist:6M2wZ9GZgrQXHCFfjv46we <\/a>","<\/br>Total Streams: 197198441 <\/br>Artist Link: <a href= spotify:artist:7jVv8c5Fj3E9VhNjxT4snq  target='_blank'> spotify:artist:7jVv8c5Fj3E9VhNjxT4snq <\/a>","<\/br>Total Streams: 172318182 <\/br>Artist Link: <a href= spotify:artist:4dpARuHxo51G3z768sgnrY  target='_blank'> spotify:artist:4dpARuHxo51G3z768sgnrY <\/a>","<\/br>Total Streams: 154903564 <\/br>Artist Link: <a href= spotify:artist:53XhwfbYqKCa1cC15pYq2q  target='_blank'> spotify:artist:53XhwfbYqKCa1cC15pYq2q <\/a>"],"customdata":["spotify:artist:1Xyo4u8uXC1ZmMpatF05PJ","spotify:artist:5cj0lLjcoR7YOSnhnX0Po5","spotify:artist:4q3ewBCX7sLwd24euuV69X","spotify:artist:6eUKZXaKkcviH0Ku9w2n3V","spotify:artist:1McMsnEElThX1knmY4oliG","spotify:artist:1uNFoZAHBGtllmzznpCI3s","spotify:artist:6M2wZ9GZgrQXHCFfjv46we","spotify:artist:7jVv8c5Fj3E9VhNjxT4snq","spotify:artist:4dpARuHxo51G3z768sgnrY","spotify:artist:53XhwfbYqKCa1cC15pYq2q"],"type":"bar","textposition":"none","marker":{"autocolorscale":false,"color":"rgba(89,89,89,1)","line":{"width":1.8897637795275593,"color":"transparent"}},"showlegend":false,"xaxis":"x","yaxis":"y2","hoverinfo":"text","frame":null}],"layout":{"xaxis":{"domain":[0,1],"automargin":true,"type":"linear","autorange":false,"range":[-36396993.350000001,764336860.35000002],"tickmode":"array","ticktext":["0e+00","2e+08","4e+08","6e+08"],"tickvals":[0,200000000.00000003,400000000.00000006,600000000],"categoryorder":"array","categoryarray":["0e+00","2e+08","4e+08","6e+08"],"nticks":null,"ticks":"outside","tickcolor":"rgba(51,51,51,1)","ticklen":3.6529680365296811,"tickwidth":0.66417600664176002,"showticklabels":true,"tickfont":{"color":"rgba(77,77,77,1)","family":"","size":11.68949771689498},"tickangle":-0,"showline":false,"linecolor":null,"linewidth":0,"showgrid":true,"gridcolor":"rgba(255,255,255,1)","gridwidth":0.66417600664176002,"zeroline":false,"anchor":"y2","title":{"text":"Total Streams","font":{"color":"rgba(0,0,0,1)","family":"","size":14.611872146118724}},"hoverformat":".2f"},"yaxis2":{"domain":[0,0.47999999999999998],"automargin":true,"type":"linear","autorange":false,"range":[0.40000000000000002,10.6],"tickmode":"array","ticktext":["Imagine Dragons","Adele","Lil Nas X","Dua Lipa","Justin Bieber","Olivia Rodrigo","Ed Sheeran","Bad Bunny","Doja Cat","The Weeknd"],"tickvals":[1,2,3,4,5,6.0000000000000009,7,8,9,10],"categoryorder":"array","categoryarray":["Imagine Dragons","Adele","Lil Nas X","Dua Lipa","Justin Bieber","Olivia Rodrigo","Ed Sheeran","Bad Bunny","Doja Cat","The Weeknd"],"nticks":null,"ticks":"outside","tickcolor":"rgba(51,51,51,1)","ticklen":3.6529680365296811,"tickwidth":0.66417600664176002,"showticklabels":true,"tickfont":{"color":"rgba(77,77,77,1)","family":"","size":10.62681610626816},"tickangle":-0,"showline":false,"linecolor":null,"linewidth":0,"showgrid":true,"gridcolor":"rgba(255,255,255,1)","gridwidth":0.66417600664176002,"zeroline":false,"anchor":"x","hoverformat":".2f"},"yaxis":{"domain":[0.52000000000000002,1],"automargin":true,"type":"linear","autorange":false,"range":[0.40000000000000002,10.6],"tickmode":"array","ticktext":["My Universe","Malvadão 3","Lo Siento BB:/ (with Bad Bunny & Julieta Venegas)","Do It To It","Se Le Ve","INDUSTRY BABY (feat. Jack Harlow)","STAY (with Justin Bieber)","Cold Heart - PNAU Remix","Enemy (with JID) - from the series Arcane League of Legends","We Don't Talk About Bruno"],"tickvals":[1,2,3,4,5,6.0000000000000009,7,8,9,10],"categoryorder":"array","categoryarray":["My Universe","Malvadão 3","Lo Siento BB:/ (with Bad Bunny & Julieta Venegas)","Do It To It","Se Le Ve","INDUSTRY BABY (feat. Jack Harlow)","STAY (with Justin Bieber)","Cold Heart - PNAU Remix","Enemy (with JID) - from the series Arcane League of Legends","We Don't Talk About Bruno"],"nticks":null,"ticks":"outside","tickcolor":"rgba(51,51,51,1)","ticklen":3.6529680365296811,"tickwidth":0.66417600664176002,"showticklabels":true,"tickfont":{"color":"rgba(77,77,77,1)","family":"","size":10.62681610626816},"tickangle":-0,"showline":false,"linecolor":null,"linewidth":0,"showgrid":true,"gridcolor":"rgba(255,255,255,1)","gridwidth":0.66417600664176002,"zeroline":false,"anchor":"x","hoverformat":".2f"},"annotations":[],"shapes":[{"type":"rect","fillcolor":null,"line":{"color":null,"width":0,"linetype":[]},"yref":"paper","xref":"paper","x0":0,"x1":1,"y0":0.52000000000000002,"y1":1},{"type":"rect","fillcolor":null,"line":{"color":null,"width":0,"linetype":[]},"yref":"paper","xref":"paper","x0":0,"x1":1,"y0":0,"y1":0.47999999999999998}],"images":[],"margin":{"t":26.228310502283108,"r":7.3059360730593621,"b":40.182648401826498,"l":90.660024906600242},"plot_bgcolor":"rgba(235,235,235,1)","paper_bgcolor":"rgba(255,255,255,1)","font":{"color":"rgba(0,0,0,1)","family":"","size":14.611872146118724},"showlegend":false,"legend":{"bgcolor":"rgba(255,255,255,1)","bordercolor":"transparent","borderwidth":1.8897637795275593,"font":{"color":"rgba(0,0,0,1)","family":"","size":11.68949771689498}},"hovermode":"closest","barmode":"relative","hoverlabel":{"bgcolor":"white","bordercolor":"black","align":"left","persistent":true},"hovertemplate":"%{text}<extra><\/extra>","title":"Top 10 Tracks and Artists in January 2022","position":"top center"},"attrs":{"918738c0999f":{"x":{},"y":{},"customdata":{},"text":{},"type":"bar"},"91871e03eefd":{"x":{},"y":{},"customdata":{},"text":{},"type":"bar"}},"source":"A","config":{"doubleClick":"reset","modeBarButtonsToAdd":["hoverclosest","hovercompare"],"showSendToCloud":false},"highlight":{"on":"plotly_click","persistent":false,"dynamic":false,"selectize":false,"opacityDim":0.20000000000000001,"selected":{"opacity":1},"debounce":0},"subplot":true,"shinyEvents":["plotly_hover","plotly_click","plotly_selected","plotly_relayout","plotly_brushed","plotly_brushing","plotly_clickannotation","plotly_doubleclick","plotly_deselect","plotly_afterplot","plotly_sunburstclick"],"base_url":"https://plot.ly"},"evals":[],"jsHooks":[]}</script>
<figcaption class="figure-caption">Figure&nbsp;1: Overall Top 10 Spotify Tracks and Artists in January 2022</figcaption>
</figure>
</div>
</div>
<section id="placeholder-for-distribution-of-attributes" class="level3">
<h3 class="anchored" data-anchor-id="placeholder-for-distribution-of-attributes">Placeholder for Distribution of Attributes</h3>
<ul>
<li><p>The histogram below shows the general distribution for each song attributes in January 2022</p></li>
<li><p>This helps you understand generally what type of songs made it on to the Top 200 charts</p></li>
<li><p>Will incorporate descriptions for each song attribute into the Shiny app</p></li>
<li><p>Will also include follow the Shiny example 6, for a “carousel” to list the other attributes (key, mode, loudness, tempo, duration). Current attributes in this histogram have values 0.0-1.0</p></li>
</ul>
<iframe height="500" width="100%" frameborder="no" src="https://howeini.shinyapps.io/AttributeDist/">
</iframe>
</section>
</section>
<section id="long-term-popularity" class="level2">
<h2 class="anchored" data-anchor-id="long-term-popularity">Long-term Popularity</h2>
<ul>
<li>Long-term popularity is defined as the total streams of a song in the entire month of January, across all charts</li>
<li>Will be discovering what attributes make a song “timeless”</li>
</ul>
<section id="correlation-matrix" class="level3">
<h3 class="anchored" data-anchor-id="correlation-matrix">Correlation Matrix</h3>
<div class="cell">
<div class="cell-output-display">
<div class="plotly html-widget html-fill-item-overflow-hidden html-fill-item" id="htmlwidget-b5667761d89b2e5e24a4" style="width:100%;height:464px;"></div>
<script type="application/json" data-for="htmlwidget-b5667761d89b2e5e24a4">{"x":{"visdat":{"9187414a0872":["function () ","plotlyVisDat"]},"cur_data":"9187414a0872","attrs":{"9187414a0872":{"x":["danceability","energy","key","mode","loudness","speechiness","acousticness","instrumentalness","liveness","valence","tempo","duration","track_total_streams"],"y":["danceability","energy","key","mode","loudness","speechiness","acousticness","instrumentalness","liveness","valence","tempo","duration","track_total_streams"],"z":[[1,0.18632918269994819,0.064687528761194657,-0.15814975545593066,0.2871766742225485,0.15991530621427252,-0.31135119478605777,-0.10490166268676461,-0.086385124604963379,0.45560667936576849,-0.14075482032010192,-0.081022831912274884,0.10504733001016973],[0.18632918269994819,1,0.013520337280861333,0.026027583331970118,0.69248307967638745,-0.00020591188488275605,-0.57404130647528095,0.018348957776495884,0.11249884335607212,0.42483447819777026,0.17457020377392285,-0.079845028097921641,0.049238675793278522],[0.064687528761194657,0.013520337280861333,1,-0.1063247116898032,0.021750029312759295,-0.031539138489186533,0.028614557440402554,0.096725935478208222,-0.047868518852549238,0.0041532457581621865,-0.020281926822153646,-0.054596025261352682,-0.052700925000140508],[-0.15814975545593066,0.026027583331970118,-0.1063247116898032,1,0.035850652592809402,-0.15197654402821745,-0.080804850461322492,-0.021002290720483728,-0.093219931989119167,-0.12756787119268118,0.0055516361996321689,0.12434007995954278,-0.13638263161849154],[0.2871766742225485,0.69248307967638745,0.021750029312759295,0.035850652592809402,1,-0.065224701458433648,-0.3509362370618842,-0.19327837378161705,0.095196934338724254,0.488154339476772,0.029779383766481312,-0.077979927678808084,0.018176009506682831],[0.15991530621427252,-0.00020591188488275605,-0.031539138489186533,-0.15197654402821745,-0.065224701458433648,1,-0.079704220127962161,-0.058162992296169599,0.10802782147252286,0.027111784377056948,0.19326866773198054,-0.10235101401448068,0.034377747400092293],[-0.31135119478605777,-0.57404130647528095,0.028614557440402554,-0.080804850461322492,-0.3509362370618842,-0.079704220127962161,1,0.016077482502340031,0.021401116594407944,-0.19231773058989407,-0.077519989213643989,-0.094311523888786483,-0.078077350672406703],[-0.10490166268676461,0.018348957776495884,0.096725935478208222,-0.021002290720483728,-0.19327837378161705,-0.058162992296169599,0.016077482502340031,1,-0.080590366721563458,-0.056331595984464931,0.045032282849812373,-0.044070855509103182,-0.056985098102326243],[-0.086385124604963379,0.11249884335607212,-0.047868518852549238,-0.093219931989119167,0.095196934338724254,0.10802782147252286,0.021401116594407944,-0.080590366721563458,1,0.0015078010015041859,-0.02395883872944158,-0.072297005276346415,0.0086213588682591234],[0.45560667936576849,0.42483447819777026,0.0041532457581621865,-0.12756787119268118,0.488154339476772,0.027111784377056948,-0.19231773058989407,-0.056331595984464931,0.0015078010015041859,1,0.032214166332793476,-0.15797184155905489,0.13415147104193167],[-0.14075482032010192,0.17457020377392285,-0.020281926822153646,0.0055516361996321689,0.029779383766481312,0.19326866773198054,-0.077519989213643989,0.045032282849812373,-0.02395883872944158,0.032214166332793476,1,-0.038848950845169372,0.027686410517143017],[-0.081022831912274884,-0.079845028097921641,-0.054596025261352682,0.12434007995954278,-0.077979927678808084,-0.10235101401448068,-0.094311523888786483,-0.044070855509103182,-0.072297005276346415,-0.15797184155905489,-0.038848950845169372,1,-0.031750450716800313],[0.10504733001016973,0.049238675793278522,-0.052700925000140508,-0.13638263161849154,0.018176009506682831,0.034377747400092293,-0.078077350672406703,-0.056985098102326243,0.0086213588682591234,0.13415147104193167,0.027686410517143017,-0.031750450716800313,1]],"colorscale":"Portland","colorbar":{"title":"Correlation"},"text":[[1,0.18632918269994819,0.064687528761194657,-0.15814975545593066,0.2871766742225485,0.15991530621427252,-0.31135119478605777,-0.10490166268676461,-0.086385124604963379,0.45560667936576849,-0.14075482032010192,-0.081022831912274884,0.10504733001016973],[0.18632918269994819,1,0.013520337280861333,0.026027583331970118,0.69248307967638745,-0.00020591188488275605,-0.57404130647528095,0.018348957776495884,0.11249884335607212,0.42483447819777026,0.17457020377392285,-0.079845028097921641,0.049238675793278522],[0.064687528761194657,0.013520337280861333,1,-0.1063247116898032,0.021750029312759295,-0.031539138489186533,0.028614557440402554,0.096725935478208222,-0.047868518852549238,0.0041532457581621865,-0.020281926822153646,-0.054596025261352682,-0.052700925000140508],[-0.15814975545593066,0.026027583331970118,-0.1063247116898032,1,0.035850652592809402,-0.15197654402821745,-0.080804850461322492,-0.021002290720483728,-0.093219931989119167,-0.12756787119268118,0.0055516361996321689,0.12434007995954278,-0.13638263161849154],[0.2871766742225485,0.69248307967638745,0.021750029312759295,0.035850652592809402,1,-0.065224701458433648,-0.3509362370618842,-0.19327837378161705,0.095196934338724254,0.488154339476772,0.029779383766481312,-0.077979927678808084,0.018176009506682831],[0.15991530621427252,-0.00020591188488275605,-0.031539138489186533,-0.15197654402821745,-0.065224701458433648,1,-0.079704220127962161,-0.058162992296169599,0.10802782147252286,0.027111784377056948,0.19326866773198054,-0.10235101401448068,0.034377747400092293],[-0.31135119478605777,-0.57404130647528095,0.028614557440402554,-0.080804850461322492,-0.3509362370618842,-0.079704220127962161,1,0.016077482502340031,0.021401116594407944,-0.19231773058989407,-0.077519989213643989,-0.094311523888786483,-0.078077350672406703],[-0.10490166268676461,0.018348957776495884,0.096725935478208222,-0.021002290720483728,-0.19327837378161705,-0.058162992296169599,0.016077482502340031,1,-0.080590366721563458,-0.056331595984464931,0.045032282849812373,-0.044070855509103182,-0.056985098102326243],[-0.086385124604963379,0.11249884335607212,-0.047868518852549238,-0.093219931989119167,0.095196934338724254,0.10802782147252286,0.021401116594407944,-0.080590366721563458,1,0.0015078010015041859,-0.02395883872944158,-0.072297005276346415,0.0086213588682591234],[0.45560667936576849,0.42483447819777026,0.0041532457581621865,-0.12756787119268118,0.488154339476772,0.027111784377056948,-0.19231773058989407,-0.056331595984464931,0.0015078010015041859,1,0.032214166332793476,-0.15797184155905489,0.13415147104193167],[-0.14075482032010192,0.17457020377392285,-0.020281926822153646,0.0055516361996321689,0.029779383766481312,0.19326866773198054,-0.077519989213643989,0.045032282849812373,-0.02395883872944158,0.032214166332793476,1,-0.038848950845169372,0.027686410517143017],[-0.081022831912274884,-0.079845028097921641,-0.054596025261352682,0.12434007995954278,-0.077979927678808084,-0.10235101401448068,-0.094311523888786483,-0.044070855509103182,-0.072297005276346415,-0.15797184155905489,-0.038848950845169372,1,-0.031750450716800313],[0.10504733001016973,0.049238675793278522,-0.052700925000140508,-0.13638263161849154,0.018176009506682831,0.034377747400092293,-0.078077350672406703,-0.056985098102326243,0.0086213588682591234,0.13415147104193167,0.027686410517143017,-0.031750450716800313,1]],"hoverinfo":"text","alpha_stroke":1,"sizes":[10,100],"spans":[1,20],"type":"heatmap"}},"layout":{"margin":{"b":40,"l":60,"t":25,"r":10},"xaxis":{"domain":[0,1],"automargin":true,"title":[]},"yaxis":{"domain":[0,1],"automargin":true,"title":[]},"scene":{"zaxis":{"title":[]}},"hovermode":"closest","showlegend":false,"legend":{"yanchor":"top","y":0.5}},"source":"A","config":{"modeBarButtonsToAdd":["hoverclosest","hovercompare"],"showSendToCloud":false},"data":[{"colorbar":{"title":"Correlation","ticklen":2,"len":0.5,"lenmode":"fraction","y":1,"yanchor":"top"},"colorscale":"Portland","showscale":true,"x":["danceability","energy","key","mode","loudness","speechiness","acousticness","instrumentalness","liveness","valence","tempo","duration","track_total_streams"],"y":["danceability","energy","key","mode","loudness","speechiness","acousticness","instrumentalness","liveness","valence","tempo","duration","track_total_streams"],"z":[[1,0.18632918269994819,0.064687528761194657,-0.15814975545593066,0.2871766742225485,0.15991530621427252,-0.31135119478605777,-0.10490166268676461,-0.086385124604963379,0.45560667936576849,-0.14075482032010192,-0.081022831912274884,0.10504733001016973],[0.18632918269994819,1,0.013520337280861333,0.026027583331970118,0.69248307967638745,-0.00020591188488275605,-0.57404130647528095,0.018348957776495884,0.11249884335607212,0.42483447819777026,0.17457020377392285,-0.079845028097921641,0.049238675793278522],[0.064687528761194657,0.013520337280861333,1,-0.1063247116898032,0.021750029312759295,-0.031539138489186533,0.028614557440402554,0.096725935478208222,-0.047868518852549238,0.0041532457581621865,-0.020281926822153646,-0.054596025261352682,-0.052700925000140508],[-0.15814975545593066,0.026027583331970118,-0.1063247116898032,1,0.035850652592809402,-0.15197654402821745,-0.080804850461322492,-0.021002290720483728,-0.093219931989119167,-0.12756787119268118,0.0055516361996321689,0.12434007995954278,-0.13638263161849154],[0.2871766742225485,0.69248307967638745,0.021750029312759295,0.035850652592809402,1,-0.065224701458433648,-0.3509362370618842,-0.19327837378161705,0.095196934338724254,0.488154339476772,0.029779383766481312,-0.077979927678808084,0.018176009506682831],[0.15991530621427252,-0.00020591188488275605,-0.031539138489186533,-0.15197654402821745,-0.065224701458433648,1,-0.079704220127962161,-0.058162992296169599,0.10802782147252286,0.027111784377056948,0.19326866773198054,-0.10235101401448068,0.034377747400092293],[-0.31135119478605777,-0.57404130647528095,0.028614557440402554,-0.080804850461322492,-0.3509362370618842,-0.079704220127962161,1,0.016077482502340031,0.021401116594407944,-0.19231773058989407,-0.077519989213643989,-0.094311523888786483,-0.078077350672406703],[-0.10490166268676461,0.018348957776495884,0.096725935478208222,-0.021002290720483728,-0.19327837378161705,-0.058162992296169599,0.016077482502340031,1,-0.080590366721563458,-0.056331595984464931,0.045032282849812373,-0.044070855509103182,-0.056985098102326243],[-0.086385124604963379,0.11249884335607212,-0.047868518852549238,-0.093219931989119167,0.095196934338724254,0.10802782147252286,0.021401116594407944,-0.080590366721563458,1,0.0015078010015041859,-0.02395883872944158,-0.072297005276346415,0.0086213588682591234],[0.45560667936576849,0.42483447819777026,0.0041532457581621865,-0.12756787119268118,0.488154339476772,0.027111784377056948,-0.19231773058989407,-0.056331595984464931,0.0015078010015041859,1,0.032214166332793476,-0.15797184155905489,0.13415147104193167],[-0.14075482032010192,0.17457020377392285,-0.020281926822153646,0.0055516361996321689,0.029779383766481312,0.19326866773198054,-0.077519989213643989,0.045032282849812373,-0.02395883872944158,0.032214166332793476,1,-0.038848950845169372,0.027686410517143017],[-0.081022831912274884,-0.079845028097921641,-0.054596025261352682,0.12434007995954278,-0.077979927678808084,-0.10235101401448068,-0.094311523888786483,-0.044070855509103182,-0.072297005276346415,-0.15797184155905489,-0.038848950845169372,1,-0.031750450716800313],[0.10504733001016973,0.049238675793278522,-0.052700925000140508,-0.13638263161849154,0.018176009506682831,0.034377747400092293,-0.078077350672406703,-0.056985098102326243,0.0086213588682591234,0.13415147104193167,0.027686410517143017,-0.031750450716800313,1]],"text":[[1,0.18632918269994819,0.064687528761194657,-0.15814975545593066,0.2871766742225485,0.15991530621427252,-0.31135119478605777,-0.10490166268676461,-0.086385124604963379,0.45560667936576849,-0.14075482032010192,-0.081022831912274884,0.10504733001016973],[0.18632918269994819,1,0.013520337280861333,0.026027583331970118,0.69248307967638745,-0.00020591188488275605,-0.57404130647528095,0.018348957776495884,0.11249884335607212,0.42483447819777026,0.17457020377392285,-0.079845028097921641,0.049238675793278522],[0.064687528761194657,0.013520337280861333,1,-0.1063247116898032,0.021750029312759295,-0.031539138489186533,0.028614557440402554,0.096725935478208222,-0.047868518852549238,0.0041532457581621865,-0.020281926822153646,-0.054596025261352682,-0.052700925000140508],[-0.15814975545593066,0.026027583331970118,-0.1063247116898032,1,0.035850652592809402,-0.15197654402821745,-0.080804850461322492,-0.021002290720483728,-0.093219931989119167,-0.12756787119268118,0.0055516361996321689,0.12434007995954278,-0.13638263161849154],[0.2871766742225485,0.69248307967638745,0.021750029312759295,0.035850652592809402,1,-0.065224701458433648,-0.3509362370618842,-0.19327837378161705,0.095196934338724254,0.488154339476772,0.029779383766481312,-0.077979927678808084,0.018176009506682831],[0.15991530621427252,-0.00020591188488275605,-0.031539138489186533,-0.15197654402821745,-0.065224701458433648,1,-0.079704220127962161,-0.058162992296169599,0.10802782147252286,0.027111784377056948,0.19326866773198054,-0.10235101401448068,0.034377747400092293],[-0.31135119478605777,-0.57404130647528095,0.028614557440402554,-0.080804850461322492,-0.3509362370618842,-0.079704220127962161,1,0.016077482502340031,0.021401116594407944,-0.19231773058989407,-0.077519989213643989,-0.094311523888786483,-0.078077350672406703],[-0.10490166268676461,0.018348957776495884,0.096725935478208222,-0.021002290720483728,-0.19327837378161705,-0.058162992296169599,0.016077482502340031,1,-0.080590366721563458,-0.056331595984464931,0.045032282849812373,-0.044070855509103182,-0.056985098102326243],[-0.086385124604963379,0.11249884335607212,-0.047868518852549238,-0.093219931989119167,0.095196934338724254,0.10802782147252286,0.021401116594407944,-0.080590366721563458,1,0.0015078010015041859,-0.02395883872944158,-0.072297005276346415,0.0086213588682591234],[0.45560667936576849,0.42483447819777026,0.0041532457581621865,-0.12756787119268118,0.488154339476772,0.027111784377056948,-0.19231773058989407,-0.056331595984464931,0.0015078010015041859,1,0.032214166332793476,-0.15797184155905489,0.13415147104193167],[-0.14075482032010192,0.17457020377392285,-0.020281926822153646,0.0055516361996321689,0.029779383766481312,0.19326866773198054,-0.077519989213643989,0.045032282849812373,-0.02395883872944158,0.032214166332793476,1,-0.038848950845169372,0.027686410517143017],[-0.081022831912274884,-0.079845028097921641,-0.054596025261352682,0.12434007995954278,-0.077979927678808084,-0.10235101401448068,-0.094311523888786483,-0.044070855509103182,-0.072297005276346415,-0.15797184155905489,-0.038848950845169372,1,-0.031750450716800313],[0.10504733001016973,0.049238675793278522,-0.052700925000140508,-0.13638263161849154,0.018176009506682831,0.034377747400092293,-0.078077350672406703,-0.056985098102326243,0.0086213588682591234,0.13415147104193167,0.027686410517143017,-0.031750450716800313,1]],"hoverinfo":"text","type":"heatmap","xaxis":"x","yaxis":"y","frame":null}],"highlight":{"on":"plotly_click","persistent":false,"dynamic":false,"selectize":false,"opacityDim":0.20000000000000001,"selected":{"opacity":1},"debounce":0},"shinyEvents":["plotly_hover","plotly_click","plotly_selected","plotly_relayout","plotly_brushed","plotly_brushing","plotly_clickannotation","plotly_doubleclick","plotly_deselect","plotly_afterplot","plotly_sunburstclick"],"base_url":"https://plot.ly"},"evals":[],"jsHooks":[]}</script>
</div>
</div>
</section>
<section id="global-vs.-local" class="level3">
<h3 class="anchored" data-anchor-id="global-vs.-local">Global vs.&nbsp;Local</h3>
<iframe height="500" width="100%" frameborder="no" src="https://howeini.shinyapps.io/WorldMap/">
</iframe>
</section>
</section>
<section id="short-term-popularity" class="level2">
<h2 class="anchored" data-anchor-id="short-term-popularity">Short-term Popularity</h2>
<ul>
<li>Short-term popularity is analysed by taking rank minus previous rank. Since 1 is the highest ranking, a negative integer would indicate that the song has risen up in the charts while a positive integer would indicate a fall in ranking. The value of the integer would indicate the extent of change i.e.&nbsp;larger integer implies greater change.</li>
<li>Will also be examining peak rank and weeks on chart</li>
</ul>
<section id="placeholder-for-correlation-matrix" class="level3">
<h3 class="anchored" data-anchor-id="placeholder-for-correlation-matrix">Placeholder for Correlation Matrix</h3>
<div class="cell">
<div class="cell-output-display">
<div class="plotly html-widget html-fill-item-overflow-hidden html-fill-item" id="htmlwidget-4596f2d6dd19b55688da" style="width:100%;height:464px;"></div>
